0.01623906234616903
0.014990266617349597
0.04218255332434007
0.02989876391688578
0.023942496771725035
0.016138352590277336
0.028407512517179344
0.025232519006049316
0.023783254526297575
0.016553169840950586
0.0265231219911284
0.011332364286278998
0.03477773646958734
0.029819047620971432
0.02300953913609025
0.01993689566182993
0.020372062496643688
0.014773221219872748
0.025482028176488314
0.021114048307150784
0.018572933562175806
0.02497054214632924
0.024778944897311767
0.02352250520663446
0.018897975292322348
0.023057516140753284
0.026715063029054225
0.01975289673038024
0.052009986520056325
0.04714223080885629
0.026835049242691693
0.022248186550412306
0.02478162021719511
