0.02237799502681569
0.01606291326146019
0.01961908515262021
0.01988887009941148
0.008664080664485147
0.01394231936110984
0.016577027237342477
0.015907622646168632
0.009115687212973166
0.009938811090473246
0.028387118259903855
0.020371343841863503
0.02976272839392761
0.030401806724532802
0.009401272853377395
0.009426746251869591
0.017852583145172678
0.018822252386213562
0.016128165173190673
0.013679607336972736
0.018646609273316177
0.018301383055397545
0.016248467012238355
0.022061412057662932
0.010662691656295247
0.019345176681238863
0.013237339416006674
0.01304123600728643
0.011908135928835743
0.00894458133674202
0.014015065676811513
0.01731725914172388
0.016564293542607494
