0.018336783601407364
0.023350441771466474
0.01938060053497128
0.01988438918974152
0.008632601642802874
0.012127800531639829
0.01442413563155351
0.01790740679334963
0.005964081544740137
0.014531421078683888
0.02140435764600206
0.024512718262837522
0.029138811736874087
0.030452969117951246
0.012865907548644149
0.007966898123746976
0.01776666699504658
0.018589594699214774
0.015713198364630736
0.016145455618739857
0.016625332492432136
0.02027854025970894
0.014199959042115998
0.020391672060591625
0.01472655818807132
0.011261555425018497
0.014745112106416472
0.011981837861164038
0.008878498116238783
0.013715676037697102
0.013876031226878738
0.01684433379629722
0.016456917095208606
