0.03466822901956904
0.020835206367818986
0.0646834130685344
0.045808578460133975
0.01857678322102533
0.015532025494546365
0.030168038036090052
0.02445709244054107
0.016363470229014847
0.019853607457427046
0.05020907648711972
0.018922539689633124
0.03421999820623767
0.030645419041153855
0.024721739976809126
0.01504075114450241
0.027036090003982823
0.014467513245623368
0.026105688448593234
0.01779652807231833
0.022072939668799127
0.027217398835782364
0.03013535089745298
0.025267641801698146
0.028531416370523924
0.01902640278616165
0.05624707021926911
0.026349844612074968
0.04806130092644157
0.044158857854466334
0.023015439874528625
0.02883417786017455
0.029032175931814005
