0.015710161562606906
0.026708249404813995
0.019094381701436403
0.019021247894846494
0.015201387968665471
0.009408553603224745
0.014333013118891512
0.019805121567487233
0.0252095531300469
0.019478947470484342
0.023464630189107053
0.02143038460290602
0.02873735952280204
0.030023648636889798
0.01056978416054409
0.009296574563455678
0.017257026159593385
0.01775586386562122
0.016346263302804982
0.013222963406937672
0.01624584780691112
0.023365044059675724
0.02156567427874097
0.015335075238571633
0.014556923611829335
0.010400440930834613
0.010896983797341404
0.012588310630161262
0.008902437089659774
0.011605585179843631
0.013108620575634866
0.013127895091070419
0.01699293606635752
