0.02282957244065046
0.020117013857466625
0.02143846849802798
0.019874638792453617
0.013934502533642678
0.021696080986691103
0.01561518453531984
0.016444647142212162
0.008419874000937778
0.008564963602971156
0.032466550465756666
0.026405101395430244
0.04468861908145446
0.035106794897262046
0.014960452155523048
0.011593700183627561
0.019509362106167858
0.021019978338734924
0.020183233039685035
0.01604248986953145
0.01943537756770303
0.0252615701399607
0.019410440246830647
0.02720204293120903
0.011395238810304227
0.015477276625312758
0.05195582714197349
0.03420452964767176
0.008876937469979654
0.010758825329316367
0.018011372832319645
0.017153019332108818
0.020939177687444896
