0.011707578802788573
0.00987565104684616
0.01875490083713881
0.017245506317698056
0.009301595435365883
0.008849140097313161
0.011773646484810078
0.008664750761509913
0.02161912859821514
0.01882571746764018
0.017485913822461535
0.015354479888791708
0.012902604586723623
0.01113545870343925
0.010321619068775061
0.007250839241167678
0.014691102286220325
0.01519608157715341
0.0068913511249052775
0.006809049128514929
0.012396738631176608
0.00822769017423486
0.011449831323565389
0.009342068324506647
0.018242482498075713
0.012759558295038227
0.011330825005432253
0.0059613312334732705
0.020916190992304847
0.01654622996654627
0.024412186228330655
0.022448867984313343
0.01725272005784293
0.013839139957777594
0.010071416493588697
0.007335804144865141
0.01546633753417223
0.012117923884187842
0.008547626541976773
0.006139726114370187
0.014399300281967505
0.01190087363093545
0.017449155601610235
0.01447072194210138
0.009176957388759387
0.0087162200399426
0.016645763653601747
0.01587802378077614
0.017244296258433045
0.011489378701887888
0.013293571239090743
0.010818088127493616
0.01138601089446462
0.008244135714839772
0.018322150236234645
0.01427082034575235
0.016606647468147356
0.015224351902357672
0.01150179394879312
0.009743359326830707
0.011089794019089211
0.009244244841596989
0.07410799170220214
0.050418344874488846
0.014548481352885237
