0.01929441246141484
0.013781001757215822
0.01995782793903545
0.019782491711152303
0.011433351792531684
0.011783062804740703
0.014303714340427499
0.01816464247383071
0.016222821719291982
0.012225832812897785
0.027989030127127158
0.022436922776480555
0.03088339865814644
0.03263909365154818
0.010791266765711021
0.009954765226593328
0.017605369785409837
0.019123320181355215
0.017943955244697524
0.014129240498280574
0.018212567036117896
0.02128932043879678
0.01504452213978816
0.03503099429874459
0.011314502801526103
0.016259341035986627
0.019178242887353217
0.017651816249622105
0.008417667536531592
0.0093120101027479
0.013736163525862995
0.018903969261651127
0.01764989500133181
