0.016067263065190518
0.02523868584098738
0.019229185799717174
0.019217563015380364
0.008447497536839876
0.013296277848377733
0.015132391282837162
0.01573157456159106
0.007970107791380096
0.018044287221252068
0.02154913356493544
0.024005571353702584
0.029110834700512546
0.02878221135032638
0.007818680431109582
0.007299277544507184
0.017170134969738494
0.019124236951777503
0.014885338163667201
0.015157769508128738
0.017982756775896808
0.017600506240627187
0.014575280385687492
0.02266183647264531
0.010735293269885777
0.014835198396577855
0.01163512189130919
0.01262306050224848
0.008495891167044398
0.01321998487422034
0.013291762948278983
0.01648899008445973
0.01616949079721377
