0.03825791234765131
0.03572770467148117
0.035729286492850475
0.03485408353745259
0.04469596872438221
0.04425701811702453
0.016160802202188563
0.015088446673792322
0.02600301894466434
0.025363242128856867
0.043474460220819175
0.04306834687475308
0.027059627393102827
0.02548478677510914
0.03869748989640536
0.038223416102972405
0.02708427824654561
0.026548544766779345
0.0343530633205409
0.03245516944624832
0.029594525073180458
0.02907045752601286
0.04702147762332343
0.04505782483049048
0.03278719037582841
0.03234258041671194
0.04079172975947673
0.039636838601904485
0.02523060303120185
0.024513290443854446
0.024624051698089098
0.023245390688272853
0.032703207092248984
