0.017916438535857348
0.020600140216151468
0.020134819015223238
0.020664922088809507
0.016879448822705177
0.018335505561284767
0.014010766373146818
0.01917604807680833
0.02249728200877514
0.008726388033927094
0.042875002455080115
0.02448135577976825
0.03265136905211781
0.035201439789502055
0.012748386126671693
0.014491805719503802
0.02041500697553522
0.019142277129070337
0.01932160480444883
0.014131489693511528
0.01826363037171529
0.020351219565708137
0.025900502797299635
0.01798821466760577
0.014883322045662253
0.010730306388404364
0.041725923961631634
0.024218697169162105
0.012261563551644443
0.011002703742437111
0.01429087178527459
0.015142739911671812
0.020036287256753615
