0.012334038915070886
0.008503589513588341
0.020098989218655525
0.019946809213176035
0.010549485076469219
0.013481113915530824
0.017550575271886137
0.014064321692752256
0.01072433475564308
0.014606918676807535
0.02214189168149245
0.02375840655169516
0.03128286971579744
0.03107465988749642
0.012793919705082103
0.009126973006487378
0.018172415599318
0.018643909462114944
0.01892193757346594
0.014412039894678928
0.016457994698021415
0.01839844806616758
0.031082372801366987
0.015446725056758965
0.013717619319068924
0.013105104994142613
0.020608404746123583
0.013280668472321115
0.010770102382434605
0.013543076524909305
0.015532002186823766
0.01514633318557273
0.016852439117528754
